latitude  = 17.399490
longitude = 78.482011
